1000004	234
0	0
1	1
