22	25
0	0
1	1
